[1] 3.708081e-05 4.374161e-06 4.744676e-07 4.852886e-08
  [5] 4.785559e-09 4.638271e-10 4.496527e-11 4.432908e-12
  [9] 4.512506e-13 4.805190e-14 5.405674e-15 6.464985e-16
 [13] 8.242847e-17 1.120150e-17 1.618222e-18 2.474736e-19
 [17] 3.985596e-20 6.721852e-21 1.180486e-21 2.147136e-22
 [21] 4.024522e-23 7.738725e-24 1.520540e-24 3.042264e-25
 [25] 6.179804e-26 1.271250e-26 2.642626e-27 5.541240e-28
 [29] 1.170284e-28 2.486245e-29 5.307780e-30 1.137689e-30
 [33] 2.446620e-31 5.275776e-32 1.140177e-32 2.468605e-33
 [37] 5.352805e-34 1.162104e-34 2.525492e-35 5.492951e-36
 [41] 1.195527e-36 2.603478e-37 5.672126e-38 1.236231e-38
 [45] 2.695166e-39 5.877331e-40 1.281928e-40 2.796532e-41
 [49] 6.101487e-42 1.331375e-42 2.905394e-43 6.340777e-44
 [53] 1.383906e-44 3.020598e-45 0.000000e+00 0.000000e+00
 
$alpha
  [1] 0.0004297177 0.0005649379 0.0007281100 0.0009183984
  [5] 0.0011335817 0.0013694319 0.0016193853 0.0018753305
  [9] 0.0021290520 0.0023734371 0.0026030755 0.0028143587
 [13] 0.0030053004 0.0031752407 0.0033245256 0.0034542085
 [17] 0.0035657940 0.0036610314 0.0037417584 0.0038097892
 [21] 0.0038668411 0.0039144902 0.0039541504 0.0039870673
 [25] 0.0040143229 0.0040368467 0.0040554301 0.0040707420
 [29] 0.0040833444 0.0040937074 0.0041022226 0.0041092151
 [33] 0.0041149543 0.0041196630 0.0041235248 0.0041266912
 [37] 0.0041292868 0.0041314141 0.0041331574 0.0041345858
 [41] 0.0041357560 0.0041367146 0.0041374999 0.0041381431
 [45] 0.0041386699 0.0041391014 0.0041394548 0.0041397442
 [49] 0.0041399813 0.0041401754 0.0041403343 0.0041404645
 [53] 0.0041405711 0.0041406584 

$beta
  [1] 0.02081196 0.02386407 0.02709210 0.03042704 0.03380419
  [6] 0.03715475 0.04040353 0.04347935 0.04632733 0.04891398
 [11] 0.05122566 0.05326401 0.05504123 0.05657603 0.05789073
 [16] 0.05900902 0.05995457 0.06074995 0.06141607 0.06197188
 [21] 0.06243417 0.06281766 0.06313508 0.06339733 0.06361365
 [26] 0.06379186 0.06393853 0.06405912 0.06415820 0.06423956
 [31] 0.06430634 0.06436112 0.06440605 0.06444289 0.06447309
 [36] 0.06449784 0.06451812 0.06453473 0.06454835 0.06455950
 [41] 0.06456864 0.06457612 0.06458225 0.06458727 0.06459138
 [46] 0.06459475 0.06459750 0.06459976 0.06460161 0.06460313