[1]   3.838000   5.358741  10.076910  14.509365  21.163820
  [6]  26.000274  27.161609  40.117184  47.377639  52.820094
 [11]  55.231826  57.012024  60.057442  61.055897  62.054352
 [16]  65.274810  65.873972  66.872427  71.906188  74.924627
 [21]  80.165098  83.183536  87.616008  90.230255  92.009941
 [26]  93.556935  94.213341  95.211796  96.210251  95.985800
 [31]  99.470494 103.874102 104.872557 110.921012 113.332743
 [36] 114.494743 126.036376 129.054815 131.466563 133.246761
 [41] 137.302196 140.724650 141.323802 150.599561 153.213808
 [46] 156.838470 160.058921 161.579666 164.883830 166.045170
 [51] 167.798727 169.043053 169.805952 178.764110 179.363262
 [56] 187.629019 189.836996 190.437903 197.694384 200.914834
 [61] 204.135289 210.991749 214.010187 214.609351 215.568689
 [66] 216.685431 219.818555 222.233754 223.232209 225.438431
 [71] 227.651362 228.814970 232.882753 235.497000 239.323662
 [76] 241.323814 266.368572 274.841027 276.620507 277.618962
 [81] 282.280392 286.106847 287.886326 291.537756 298.394212
 [86] 298.993363 300.672287 301.670742 303.421821 304.142030
 [91] 306.292729 309.625391 310.623846 312.060877 313.059332
 [96] 314.057787 315.056242 317.424094 318.030351 319.028806
[101] 321.043019 322.752549 323.751004 323.809618 324.808073
[106] 325.806528 326.804983 329.251106 330.115098 331.160927
[111] 332.159382 332.701676 333.700131 334.698586 335.697041
[116] 338.914527 341.454024 343.234243 346.683677 355.156133
[121] 361.608588 362.207740 364.580218 369.855953 392.670407

$comp_poi
  [1]   3.838   4.444   8.080  11.514  17.170  21.008  21.412
  [8]  33.128  39.390  43.834  45.248  46.056  48.076  48.076
 [15]  48.076  50.298  50.500  50.500  53.934  55.954  60.196
 [22]  62.216  65.650  67.266  68.074  68.680  68.882  68.882
 [29]  68.882  69.084  69.690  72.922  72.922  77.972  79.386
 [36]  79.790  90.092  92.112  93.526  94.334  97.364  99.788
 [43]  99.990 107.666 109.282 111.908 114.130 114.736 116.958
 [50] 117.362 117.968 118.372 118.574 125.846 126.048 132.714
 [57] 133.926 134.128 139.784 142.006 144.228 150.086 152.106
 [64] 152.308 152.510 152.712 153.924 155.338 155.338 156.550
 [71] 157.762 158.166 160.994 162.610 165.438 166.448 190.486
 [78] 197.960 198.768 198.768 202.404 205.232 206.040 208.666
 [85] 214.524 214.726 215.130 215.130 215.736 215.938 216.544
 [92] 218.766 218.766 219.372 219.372 219.372 219.372 220.584
 [99] 220.786 220.786 221.392 221.998 221.998 222.200 222.200
[106] 222.200 222.200 222.806 223.008 223.210 223.210 223.412
[113] 223.412 223.412 223.412 224.220 225.634 226.442 228.866
[120] 236.340 241.794 241.996 242.804 247.046 268.862
