 2  0  0 16  0 32  3  2  1  0  0  0  0  3  0  7  0  1  0  3  0
 [22]  1  1  1  4  1  0  1  2  6  0  1  0  4  2  1  6  8  0  3  4 14
 [43]  5  2 33  2  7 14  0  3  3  1  7 21 19  0  7  5 18  7  3  3 21
 [64]  1  0 21  4  0 23  0 11  3  0  0  0  0 20 12  4  5  2  0  0  0
 [85]  0  0  0  1  2  0  1  3  0  0  3  1  0  2  0  1  3  0  3  1  0
[106]  3  0  1  0  2  0  1 17  0  1  0  0  3  0  3  2  0  3  0  2  2
[127]  0  8  0  0  4  0  2  0  0  0  0  6  0  0  3  0  5  0  0  0  6
[148]  1  0  0  2  0  4  0  0  0  3  0  0  4  0  3  0  4  0  8  0  8
[169]  0  0  0  4  0  0  0  3  1  0  5  0  6  0  1  2  0  5  4  2  0
[190]  0  2  1  3  0  3  1  0 11  0  1  2  0  6  0  0  4  1  0  0  8
[211]  1  0  1  0  0  0  3  0  1  0  2  0  1  0  3  0  1  0  2  1  0
[232]  7  0  0  6  0  1  0  0  0  3  0 17  6  2  4  6  2  0  0  0  1
[253]  4  0  0  3  2  2  0  3  1  0  3  1  0  1  1  1  4  0  1  1  0
[274]  1  0  4  8  2  3  0 10  1  0  0 11  2  4  4  4  7  0  2  4  0
[295]  3  1  6  0  6  1  2  0  1  5  0  4  3 11  1  2  0  0  3  2  0
[316]  2  0  0  4  3  7  0  6  6  1  1  0 17  4  3  0  1  0  1  1  5
[337]  1  1  1  3  2  1  1  0  2  0  1  0  3  2  2  4  0  0  5  1  0
[358]  4  0  1  1  1  2  0  3  1  1  1  3  2  2  0  3  1  2  0  0  1
[379]  3  1  1  1  0  0  1  0  0  0  1  3  0  2  1  0  3  4  0  3  6
[400]  2  1  2  3  1  3  3  3  8  1  4  2  4 14  1  2  0  1  3  6  1
[421]  3  0  4  0  1  1  0  5  0  2  0  5  1  0  7  0  1  8  0  7  0
[442]  6  1  3  0  3  7  0  1  0  5  6  3  0  5  6 15  6  8  2  6  6
[463]  2  4  3  7  0  3  8  3  4  1  5  1  3  7  4  9  5  6  7  4  0
[484]  7  4  2  0  1  0  0  0  7  7 13  1  0  3  2  8  0  1  0  1 13
[505] 21  0  0  3  2  1  1  5  6 14  3 11  1  5  1  1  2 18  1