[1]   4600000     60000      6400     15000       700     35000
  [7]      6000        45      2892      1614    220000         7
 [13]      4844       315        43       166       121        37
 [19]      2500       263      2395      4200  37000000     10000
 [25]    431000        17         9        69        48         2
 [31]       155  80000000    700000     50000  11000000     11266
 [37]   3500000     93000  10000000    663200   1500000  15000000
 [43]      6400      3500       200    590000   5100000     30000
 [49]       670    320000       450        20      8800      5200
 [55]   1100000  65469300 117000000  32000000   1600000    365000
 [61]    808000     50000    800000      2000         4   6600000
 [67]  43430300  22535000    134386   1000000   1503710   2000000
 [73]      2400    950000   2100000   1300000     15000     18000
 [79]      5000     26000  69600000   8000000    127310     60000
 [85]  57000000   1600000   1500000   2000000  50000000       661
 [91]     66000     18133      1280     11603    187788       346
 [97]       228     36840      6020       239       204       239
[103]     22182       335      1500       600        74      5403
[109]      1530      1253        31        32      3085     19438
[115]      2508        90        76        76        27       109
[121]     24999         6       500     41000       500   1100000
> 