 [1] 18.334693 15.861197 14.585510 15.071009 13.324116 15.553969
  [7] 14.548723 11.759798 14.132731 13.800288 16.601788 10.699169
 [13] 14.426733 12.868966 11.733884 12.503833 12.323601 11.648223
 [19] 14.049706 12.766128 14.025249 14.345419 19.523064 14.839894
 [25] 16.985102 11.204932 10.842418 12.003441 11.796585  9.985094
 [31] 12.464752 19.962596 17.261536 15.757274 18.831641 14.907840
 [37] 18.178916 16.111002 18.777315 17.230754 17.695956 19.008430
 [43] 14.585510 14.241495 12.610041 17.164090 18.393508 15.466103
 [49] 13.299148 16.815363 13.072271 11.297567 14.767029 14.467156
 [55] 17.519168 19.848342 20.179280 19.440310 17.732743 16.890362
 [61] 17.343321 15.757274 17.337649 13.922514 10.380188 18.540471
 [67] 19.614401 19.240431 16.320829 17.464841 17.697364 17.859935
 [73] 14.026438 17.435604 17.887745 17.614389 15.071009 15.174932
 [79] 14.444800 15.384536 19.883217 18.650123 16.289997 15.861197
 [85] 19.769380 17.732743 17.695956 17.859935 19.694694 13.291440
 [91] 15.915524 15.179129 13.668131 14.924641 16.511549 12.922470
 [97] 12.684727 15.583174 14.550620 12.711584 12.621328 12.711584
[103] 15.294011 12.904054 13.758536 13.236250 12.043317 14.488984
[109] 13.769823 13.655979 11.547373 11.565469 14.169555 15.218742
[115] 14.051527 12.154892 12.058518 12.058518 11.468627 12.264068
[121] 15.362157 10.611303 13.132327 15.644157 13.132327 17.519168
> 