###gamogata(N=20,mu=3,alpha=0.2,beta=0.8)
$A
 [1] 0.800000 1.598284 2.151483 2.590963 3.120600 3.226097 3.725347
 [8] 3.794750 4.465286 4.844644 5.041528 5.389885 5.458639 6.573353
[15] 6.993703 7.104531 7.219404 7.260437 7.302539 7.367331

$p
 [1] 0.000000 1.598012 2.405296 2.599204 2.944734 3.012719 3.635130
 [8] 3.688814 4.319931 4.728334 4.943835 5.178642 5.221065 6.152124
[15] 6.375491 6.423921 6.501217 6.523091 6.548778 0.000000

$t
 [1] 0.000000 1.598012 2.405296 2.599204 2.944734 3.012719 3.635130
 [8] 3.688814 4.319931 4.728334 4.943835 5.178642 5.221065 6.152124
[15] 6.375491 6.423921 6.501217 6.523091 6.548778 6.581976

$s
 [1] 0.00000000 1.59801150 0.80728404 0.19390810 0.34553047
 [6] 0.06798533 0.62241085 0.05368375 0.63111649 0.40840343
[11] 0.21550147 0.23480686 0.04242269 0.93105869 0.22336712
[16] 0.04843014 0.07729574 0.02187479 0.02568690 0.03319809

$M
 [1] 0.0000000 0.8919699 1.6902536 2.2434530 2.6829327 3.2125702
 [7] 3.3180665 3.8173167 3.8867199 4.5572561 4.9366138 5.1334975
[13] 5.4818547 5.5506087 6.6653228 7.0856727 7.1965013 7.3113734
[19] 7.3524072 7.3945090

